1 0 0.29426 0 0 0 0 0 0 0.42134 0 0
0 1 0 0.42309 0 0 0 0 0 0 0.47519 0
0.29426 0 1 0 0 0 0 0 0 0.12528 0 0
0 0.42309 0 1 0 0 0 0 0 0 0.36848 0
0 0 0 0 1 0 0.45014 0.70718 0 0 0 0.25496
0 0 0 0 0 1 0.43651 0 0.61523 0 0 0.29988
0 0 0 0 0.45014 0.43651 1 0.56135 0.5188 0 0 0.5226
0 0 0 0 0.70718 0 0.56135 1 0 0 0 0.40102
0 0 0 0 0 0.61523 0.5188 0 1 0 0 0.38096
0.42134 0 0.12528 0 0 0 0 0 0 1 0 0
0 0.47519 0 0.36848 0 0 0 0 0 0 1 0
0 0 0 0 0.25496 0.29988 0.5226 0.40102 0.38096 0 0 1
